
-----------

-----------

 blockSizes
[(4, 4), (4, 8), (4, 16), (4, 32), (4, 128), (4, 256), (8, 8), (8, 16), (8, 64), (8, 128), (16, 16), (16, 32), (16, 64), (32, 32)]

 timeSteps
[1, 2, 3, 4, 5, 6, 7, 8, 9, 10, 11, 12, 13, 14]

 dominios
[(8192, 8192)]



 DOMINIO 8192x8192

(4, 4)[0,233014.06250]
(4, 8)[0,138717.82812]
(4, 16)[0,87347.59375]
(4, 32)[0,84985.31250]
(4, 128)[0,72044.49219]
(4, 256)[0,71739.50781]
(8, 8)[0,101368.36719]
(8, 16)[0,85723.05469]
(8, 64)[0,73798.40625]
(8, 128)[0,75228.74219]
(16, 16)[0,85420.42969]
(16, 32)[0,82897.05469]
(16, 64)[0,77734.37500]
(32, 32)[0,84100.32812]
----------

(4, 4)

[1,274293.15625]
[2,307424.53125]
[3,378588.62500]
[4,474874.15625]
[5,588035.18750]
[6,717961.31250]
[7,907208.12500]
[8,1193364.50000]
[9,1631558.00000]
[10,2102331.75000]
[11,2719998.75000]
[12,3657570.50000]
[13,5072620.50000]
[14,5702238.50000]
----------

(4, 8)

[1,132395.89062]
[2,130491.13281]
[3,157282.60938]
[4,189676.20312]
[5,224824.07812]
[6,274639.59375]
[7,361146.28125]
[8,482581.53125]
[9,610090.00000]
[10,776803.87500]
[11,1021301.25000]
[12,1251834.12500]
[13,1546266.87500]
[14,1956945.62500]
----------

(4, 16)

[1,116090.34375]
[2,122463.46094]
[3,143915.59375]
[4,165729.32812]
[5,189607.93750]
[6,214274.12500]
[7,248150.64062]
[8,289192.87500]
[9,358036.65625]
[10,428103.37500]
[11,514970.06250]
[12,627761.56250]
[13,776628.31250]
[14,985968.00000]
----------

(4, 32)

[1,111828.28906]
[2,109882.44531]
[3,122359.21094]
[4,137716.60938]
[5,155130.32812]
[6,174185.89062]
[7,197251.46875]
[8,221498.98438]
[9,250445.26562]
[10,288796.62500]
[11,349057.59375]
[12,378171.00000]
[13,477056.40625]
[14,514615.93750]
----------

(4, 128)

[1,111846.38281]
[2,105704.41406]
[3,115139.18750]
[4,126394.79688]
[5,138578.71875]
[6,154244.53125]
[7,167895.26562]
[8,193958.17188]
[9,208943.56250]
[10,224026.95312]
[11,239374.01562]
[12,0.42285]
[13,0.38486]
[14,0.35651]
----------

(4, 256)

[1,134910.51562]
[2,115156.65625]
[3,119554.86719]
[4,127874.89844]
[5,139248.31250]
[6,0.88774]
[7,0.75370]
[8,0.67926]
[9,0.59296]
[10,0.52966]
[11,0.47142]
[12,0.48195]
[13,0.39834]
[14,0.36122]
----------

(8, 8)

[1,113666.34375]
[2,122995.89062]
[3,143058.75000]
[4,159903.42188]
[5,178843.81250]
[6,203980.40625]
[7,231976.15625]
[8,261787.82812]
[9,300211.81250]
[10,368947.68750]
[11,473762.18750]
[12,521657.56250]
[13,710029.31250]
[14,780866.75000]
----------

(8, 16)

[1,105963.11719]
[2,100947.39062]
[3,109769.44531]
[4,120379.03125]
[5,132436.28125]
[6,146580.90625]
[7,162472.10938]
[8,179716.62500]
[9,199591.96875]
[10,221415.70312]
[11,247677.03125]
[12,282490.96875]
[13,339800.65625]
[14,368245.84375]
----------

(8, 64)

[1,108432.79688]
[2,95436.55469]
[3,98253.58594]
[4,103012.99219]
[5,109607.57031]
[6,116914.35156]
[7,125207.60938]
[8,133255.90625]
[9,144275.42188]
[10,153357.75000]
[11,162881.81250]
[12,184831.40625]
[13,194715.32812]
[14,204693.48438]
----------

(8, 128)

[1,124832.94531]
[2,103456.19531]
[3,100629.86719]
[4,103368.82031]
[5,109188.39062]
[6,114795.00781]
[7,121078.28906]
[8,127503.24219]
[9,135151.45312]
[10,0.51424]
[11,0.47408]
[12,0.43027]
[13,0.39139]
[14,0.35405]
----------

(16, 16)

[1,101583.17188]
[2,95322.90625]
[3,97859.78125]
[4,102809.61719]
[5,109654.58594]
[6,117723.27344]
[7,126724.80469]
[8,135881.17188]
[9,147020.68750]
[10,158232.90625]
[11,171993.81250]
[12,184326.15625]
[13,202838.89062]
[14,216154.95312]
----------

(16, 32)

[1,106859.85938]
[2,91799.82812]
[3,91748.78906]
[4,94213.45312]
[5,98320.53906]
[6,103223.80469]
[7,109035.41406]
[8,114816.00781]
[9,121082.51562]
[10,128087.34375]
[11,137045.21875]
[12,144653.26562]
[13,152502.79688]
[14,160773.84375]
----------

(16, 64)

[1,115032.85156]
[2,95417.39844]
[3,92167.32031]
[4,92503.63281]
[5,94564.26562]
[6,97665.09375]
[7,101714.50000]
[8,105416.88281]
[9,110042.02344]
[10,114598.21094]
[11,119599.25000]
[12,124362.52344]
[13,129799.18750]
[14,134975.71875]
----------

(32, 32)

[1,117650.19531]
[2,93910.10938]
[3,89791.25000]
[4,89169.27344]
[5,90213.88281]
[6,92827.51562]
[7,95788.27344]
[8,99029.39844]
[9,102636.61719]
[10,106468.60156]
[11,110731.03125]
[12,114911.43750]
[13,119208.86719]
[14,124099.23438]
Sat Mar 14 15:31:34 2020       
+-----------------------------------------------------------------------------+
| NVIDIA-SMI 410.129      Driver Version: 410.129      CUDA Version: 10.0     |
|-------------------------------+----------------------+----------------------+
| GPU  Name        Persistence-M| Bus-Id        Disp.A | Volatile Uncorr. ECC |
| Fan  Temp  Perf  Pwr:Usage/Cap|         Memory-Usage | GPU-Util  Compute M. |
|===============================+======================+======================|
|   0  GeForce GTX 108...  Off  | 00000000:02:00.0  On |                  N/A |
| 50%   83C    P0    86W / 250W |    775MiB / 11177MiB |     90%      Default |
+-------------------------------+----------------------+----------------------+
                                                                               
+-----------------------------------------------------------------------------+
| Processes:                                                       GPU Memory |
|  GPU       PID   Type   Process name                             Usage      |
|=============================================================================|
|    0      1144      G   /usr/lib/xorg/Xorg                           310MiB |
|    0      7243      G   compiz                                       256MiB |
|    0      9129      G   ...AAAAAAAAAAAAAAgAAAAAAAAA --shared-files   161MiB |
|    0     12149      G   ...quest-channel-token=4691297094732090096    44MiB |
+-----------------------------------------------------------------------------+
