
-----------

-----------

 blockSizes
[(4, 4), (4, 8), (4, 16), (4, 32), (4, 128), (4, 256), (8, 8), (8, 16), (8, 64), (8, 128), (8, 256), (16, 32), (16, 64), (32, 32)]

 timeSteps
[1, 2, 3, 4, 5, 6, 7, 8, 9, 10, 11, 12, 13, 14]

 dominios
[(256, 256), (512, 512), (1024, 1024), (2048, 2048), (4096, 4096), (8192, 8192)]



 DOMINIO 256x256

(4, 4)[0,897.77509]
(4, 8)[0,384.93073]
(4, 16)[0,209.00336]
(4, 32)[0,155.66327]
(4, 128)[0,150.22154]
(4, 256)[0,155.75145]
(8, 8)[0,228.74237]
(8, 16)[0,158.26270]
(8, 64)[0,150.95447]
(8, 128)[0,155.98531]
(8, 256)[0,303.01962]
(16, 32)[0,160.52196]
(16, 64)[0,158.65117]
(32, 32)[0,167.15231]
----------

(4, 4)

[1,960.66382]
[2,848.81024]
[3,1050.65161]
[4,1306.52209]
[5,1607.38208]
[6,1968.13159]
[7,2364.59180]
[8,2808.83862]
[9,3295.34106]
[10,3915.28467]
[11,4999.66309]
[12,6574.30615]
[13,8915.86230]
[14,11062.28809]
----------

(4, 8)

[1,522.85583]
[2,398.91367]
[3,455.32669]
[4,534.29333]
[5,634.62585]
[6,741.15558]
[7,873.50092]
[8,1008.35815]
[9,1163.87476]
[10,1524.77441]
[11,1996.24255]
[12,2769.19946]
[13,3273.97803]
[14,4038.05493]
----------

(4, 16)

[1,280.29141]
[2,241.21530]
[3,265.37286]
[4,294.38177]
[5,334.41953]
[6,373.95532]
[7,417.92419]
[8,534.86237]
[9,638.88043]
[10,794.18384]
[11,981.11084]
[12,1186.41125]
[13,1526.48523]
[14,1906.20398]
----------

(4, 32)

[1,233.16768]
[2,182.22707]
[3,185.38048]
[4,198.86746]
[5,318.55017]
[6,306.09998]
[7,310.42221]
[8,371.20819]
[9,433.97025]
[10,509.59619]
[11,631.05859]
[12,682.74194]
[13,836.69983]
[14,1095.94019]
----------

(4, 128)

[1,265.97006]
[2,200.70576]
[3,285.09723]
[4,246.22826]
[5,234.78198]
[6,245.22682]
[7,295.79199]
[8,314.38986]
[9,380.81149]
[10,401.22351]
[11,427.73129]
[12,0.88131]
[13,0.65811]
[14,0.22554]
----------

(4, 256)

[1,306.71817]
[2,325.85373]
[3,267.62405]
[4,256.72644]
[5,256.37833]
[6,0.50883]
[7,0.42518]
[8,0.36253]
[9,1.48058]
[10,1.54003]
[11,0.90966]
[12,0.89107]
[13,1.35302]
[14,0.48666]
----------

(8, 8)

[1,262.22379]
[2,330.56415]
[3,303.24469]
[4,285.92621]
[5,309.48734]
[6,350.34387]
[7,394.24899]
[8,432.06183]
[9,524.21924]
[10,659.23859]
[11,824.19849]
[12,994.71014]
[13,1199.66785]
[14,1674.03894]
----------

(8, 16)

[1,208.24243]
[2,162.61462]
[3,163.56160]
[4,173.02339]
[5,187.00621]
[6,203.81337]
[7,233.77417]
[8,267.99628]
[9,313.05792]
[10,363.68375]
[11,420.79565]
[12,636.07336]
[13,603.60260]
[14,727.60468]
----------

(8, 64)

[1,229.21021]
[2,170.74809]
[3,163.19617]
[4,163.84134]
[5,172.43562]
[6,181.94432]
[7,190.02502]
[8,203.80902]
[9,212.35872]
[10,231.50003]
[11,393.73483]
[12,340.50726]
[13,308.92255]
[14,358.40823]
----------

(8, 128)

[1,266.57513]
[2,192.86691]
[3,182.80470]
[4,187.12944]
[5,200.22429]
[6,204.00114]
[7,213.38768]
[8,223.12851]
[9,235.45578]
[10,0.94253]
[11,0.30304]
[12,0.35229]
[13,0.29747]
[14,1.16563]
----------

(8, 256)

[1,1.61082]
[2,1.09098]
[3,1.13066]
[4,0.45462]
[5,0.33558]
[6,0.54128]
[7,0.23402]
[8,0.70947]
[9,0.19949]
[10,0.55488]
[11,0.13584]
[12,0.82915]
[13,1.20246]
[14,0.11930]
----------

(16, 32)

[1,309.57974]
[2,218.21574]
[3,189.26512]
[4,166.90985]
[5,167.15581]
[6,173.75095]
[7,169.93123]
[8,177.29796]
[9,183.60477]
[10,190.49693]
[11,201.57622]
[12,213.33882]
[13,252.70122]
[14,383.95285]
----------

(16, 64)

[1,287.66705]
[2,198.47722]
[3,166.29446]
[4,161.26492]
[5,167.05283]
[6,172.69325]
[7,176.54095]
[8,182.87318]
[9,186.76221]
[10,196.00143]
[11,201.54208]
[12,205.42957]
[13,315.38782]
[14,296.26611]
----------

(32, 32)

[1,264.90988]
[2,167.59753]
[3,156.70839]
[4,158.70247]
[5,156.89882]
[6,159.39217]
[7,160.18988]
[8,168.53021]
[9,173.66016]
[10,179.63927]
[11,182.61552]
[12,268.05771]
[13,222.96669]
[14,204.77661]



 DOMINIO 512x512

(4, 4)[0,2892.73755]
(4, 8)[0,1480.61963]
(4, 16)[0,723.34766]
(4, 32)[0,467.06201]
(4, 128)[0,451.00208]
(4, 256)[0,475.53232]
(8, 8)[0,804.28009]
(8, 16)[0,475.70941]
(8, 64)[0,459.09882]
(8, 128)[0,474.27362]
(8, 256)[0,320.53937]
(16, 32)[0,486.44861]
(16, 64)[0,488.15616]
(32, 32)[0,516.54279]
----------

(4, 4)

[1,3407.67236]
[2,0.00000]
[3,0.00000]
[4,0.00000]
[5,0.00000]
[6,0.00000]
[7,0.00000]
[8,0.00000]
[9,0.00000]
[10,0.00000]
[11,0.00000]
[12,0.00000]
[13,0.00000]
[14,0.00000]
----------

(4, 8)

[1,1661.11023]
[2,0.00000]
[3,0.00000]
[4,0.00000]
[5,0.00000]
[6,0.00000]
[7,0.00000]
[8,0.00000]
[9,0.00000]
[10,0.00000]
[11,0.00000]
[12,0.00000]
[13,0.00000]
[14,0.00000]
----------

(4, 16)

[1,1115.78992]
[2,0.00000]
[3,0.00000]
[4,0.00000]
[5,0.00000]
[6,0.00000]
[7,0.00000]
[8,0.00000]
[9,0.00000]
[10,0.00000]
[11,0.00000]
[12,0.00000]
[13,0.00000]
[14,0.00000]
----------

(4, 32)

[1,877.95422]
[2,0.00000]
[3,0.00000]
[4,0.00000]
[5,0.00000]
[6,0.00000]
[7,0.00000]
[8,0.00000]
[9,0.00000]
[10,0.00000]
[11,0.00000]
[12,0.00000]
[13,0.00000]
[14,0.00000]
----------

(4, 128)

[1,984.98950]
[2,0.00000]
[3,0.00000]
[4,0.00000]
[5,0.00000]
[6,0.00000]
[7,0.00000]
[8,0.00000]
[9,0.00000]
[10,0.00000]
[11,0.00000]
[12,1.32115]
[13,0.21107]
[14,0.18406]
----------

(4, 256)

[1,1123.82715]
[2,0.00000]
[3,0.00000]
[4,0.00000]
[5,0.00000]
[6,0.43277]
[7,0.40493]
[8,0.32115]
[9,0.83414]
[10,0.26902]
[11,0.25309]
[12,0.19738]
[13,0.78563]
[14,0.67459]
----------

(8, 8)

[1,1083.33374]
[2,0.00000]
[3,0.00000]
[4,0.00000]
[5,0.00000]
[6,0.00000]
[7,0.00000]
[8,0.00000]
[9,0.00000]
[10,0.00000]
[11,0.00000]
[12,0.00000]
[13,0.00000]
[14,0.00000]
----------

(8, 16)

[1,801.64740]
[2,0.00000]
[3,0.00000]
[4,0.00000]
[5,0.00000]
[6,0.00000]
[7,0.00000]
[8,0.00000]
[9,0.00000]
[10,0.00000]
[11,0.00000]
[12,0.00000]
[13,0.00000]
[14,0.00000]
----------

(8, 64)

[1,879.92828]
[2,0.00000]
[3,0.00000]
[4,0.00000]
[5,0.00000]
[6,0.00000]
[7,0.00000]
[8,0.00000]
[9,0.00000]
[10,0.00000]
[11,0.00000]
[12,0.00000]
[13,0.00000]
[14,0.00000]
----------

(8, 128)

[1,983.06677]
[2,0.00000]
[3,0.00000]
[4,0.00000]
[5,0.00000]
[6,0.00000]
[7,0.00000]
[8,0.00000]
[9,0.00000]
[10,0.30861]
[11,0.76758]
[12,1.58717]
[13,1.62781]
[14,0.14301]
----------

(8, 256)

[1,2.06723]
[2,0.69168]
[3,0.81514]
[4,0.95715]
[5,0.86362]
[6,0.57376]
[7,0.11898]
[8,0.12874]
[9,0.07200]
[10,1.18938]
[11,0.05869]
[12,0.04022]
[13,0.03696]
[14,0.01517]
----------

(16, 32)

[1,836.77594]
[2,0.00000]
[3,0.00000]
[4,0.00000]
[5,0.00000]
[6,0.00000]
[7,0.00000]
[8,0.00000]
[9,0.00000]
[10,0.00000]
[11,0.00000]
[12,0.00000]
[13,0.00000]
[14,0.00000]
----------

(16, 64)

[1,949.48749]
[2,0.00000]
[3,0.00000]
[4,0.00000]
[5,0.00000]
[6,0.00000]
[7,0.00000]
[8,0.00000]
[9,0.00000]
[10,0.00000]
[11,0.00000]
[12,0.00000]
[13,0.00000]
[14,0.00000]
----------

(32, 32)

[1,888.28870]
[2,0.00000]
[3,0.00000]
[4,0.00000]
[5,0.00000]
[6,0.00000]
[7,0.00000]
[8,0.00000]
[9,0.00000]
[10,0.00000]
[11,0.00000]
[12,0.00000]
[13,0.00000]
[14,0.00000]



 DOMINIO 1024x1024

(4, 4)[0,11526.35059]
(4, 8)[0,5751.07764]
(4, 16)[0,2734.16821]
(4, 32)[0,1726.36926]
(4, 128)[0,1640.15454]
(4, 256)[0,1670.65454]
(8, 8)[0,2999.36694]
(8, 16)[0,1764.35364]
(8, 64)[0,1673.81458]
(8, 128)[0,1720.36243]
(8, 256)[0,381.14243]
(16, 32)[0,1941.32825]
(16, 64)[0,1791.61304]
(32, 32)[0,1888.21838]
----------

(4, 4)

[1,12854.96973]
[2,0.00000]
[3,0.00000]
[4,0.00000]
[5,0.00000]
[6,0.00000]
[7,0.00000]
[8,0.00000]
[9,0.00000]
[10,0.00000]
[11,0.00000]
[12,0.00000]
[13,0.00000]
[14,0.00000]
----------

(4, 8)

[1,6164.86963]
[2,0.00000]
[3,0.00000]
[4,0.00000]
[5,0.00000]
[6,0.00000]
[7,0.00000]
[8,0.00000]
[9,0.00000]
[10,0.00000]
[11,0.00000]
[12,0.00000]
[13,0.00000]
[14,0.00000]
----------

(4, 16)

[1,3758.66895]
[2,0.00000]
[3,0.00000]
[4,0.00000]
[5,0.00000]
[6,0.00000]
[7,0.00000]
[8,0.00000]
[9,0.00000]
[10,0.00000]
[11,0.00000]
[12,0.00000]
[13,0.00000]
[14,0.00000]
----------

(4, 32)

[1,2954.86768]
[2,0.00000]
[3,0.00000]
[4,0.00000]
[5,0.00000]
[6,0.00000]
[7,0.00000]
[8,0.00000]
[9,0.00000]
[10,0.00000]
[11,0.00000]
[12,0.00000]
[13,0.00000]
[14,0.00000]
----------

(4, 128)

[1,3318.48462]
[2,0.00000]
[3,0.00000]
[4,0.00000]
[5,0.00000]
[6,0.00000]
[7,0.00000]
[8,0.00000]
[9,0.00000]
[10,0.00000]
[11,0.00000]
[12,0.20643]
[13,0.16803]
[14,0.08995]
----------

(4, 256)

[1,3814.37915]
[2,0.00000]
[3,0.00000]
[4,0.00000]
[5,0.00000]
[6,1.50656]
[7,0.37603]
[8,0.99200]
[9,0.33155]
[10,1.25082]
[11,0.73709]
[12,0.19904]
[13,0.67331]
[14,0.12918]
----------

(8, 8)

[1,3614.84424]
[2,0.00000]
[3,0.00000]
[4,0.00000]
[5,0.00000]
[6,0.00000]
[7,0.00000]
[8,0.00000]
[9,0.00000]
[10,0.00000]
[11,0.00000]
[12,0.00000]
[13,0.00000]
[14,0.00000]
----------

(8, 16)

[1,2639.02905]
[2,0.00000]
[3,0.00000]
[4,0.00000]
[5,0.00000]
[6,0.00000]
[7,0.00000]
[8,0.00000]
[9,0.00000]
[10,0.00000]
[11,0.00000]
[12,0.00000]
[13,0.00000]
[14,0.00000]
----------

(8, 64)

[1,2897.72827]
[2,0.00000]
[3,0.00000]
[4,0.00000]
[5,0.00000]
[6,0.00000]
[7,0.00000]
[8,0.00000]
[9,0.00000]
[10,0.00000]
[11,0.00000]
[12,0.00000]
[13,0.00000]
[14,0.00000]
----------

(8, 128)

[1,3245.17114]
[2,0.00000]
[3,0.00000]
[4,0.00000]
[5,0.00000]
[6,0.00000]
[7,0.00000]
[8,0.00000]
[9,0.00000]
[10,0.71798]
[11,0.74947]
[12,0.20746]
[13,0.11130]
[14,0.16566]
----------

(8, 256)

[1,2.08269]
[2,0.60573]
[3,0.37757]
[4,0.33949]
[5,0.22848]
[6,0.24397]
[7,0.17408]
[8,0.53539]
[9,0.72851]
[10,0.60182]
[11,0.10826]
[12,0.04867]
[13,0.05725]
[14,0.54074]
----------

(16, 32)

[1,2679.32007]
[2,0.00000]
[3,0.00000]
[4,0.00000]
[5,0.00000]
[6,0.00000]
[7,0.00000]
[8,0.00000]
[9,0.00000]
[10,0.00000]
[11,0.00000]
[12,0.00000]
[13,0.00000]
[14,0.00000]
----------

(16, 64)

[1,3016.38599]
[2,0.00000]
[3,0.00000]
[4,0.00000]
[5,0.00000]
[6,0.00000]
[7,0.00000]
[8,0.00000]
[9,0.00000]
[10,0.00000]
[11,0.00000]
[12,0.00000]
[13,0.00000]
[14,0.00000]
----------

(32, 32)

[1,2861.58789]
[2,0.00000]
[3,0.00000]
[4,0.00000]
[5,0.00000]
[6,0.00000]
[7,0.00000]
[8,0.00000]
[9,0.00000]
[10,0.00000]
[11,0.00000]
[12,0.00000]
[13,0.00000]
[14,0.00000]



 DOMINIO 2048x2048

(4, 4)[0,46315.28516]
(4, 8)[0,23239.60156]
(4, 16)[0,10905.86133]
(4, 32)[0,6969.48193]
(4, 128)[0,6622.97266]
(4, 256)[0,6699.25195]
(8, 8)[0,12031.44824]
(8, 16)[0,7005.17432]
(8, 64)[0,6775.01904]
(8, 128)[0,6845.47266]
(8, 256)[0,322.34320]
(16, 32)[0,7333.59961]
(16, 64)[0,6998.12695]
(32, 32)[0,7416.82031]
----------

(4, 4)

[1,51092.05469]
[2,0.00000]
[3,0.00000]
[4,0.00000]
[5,0.00000]
[6,0.00000]
[7,0.00000]
[8,0.00000]
[9,0.00000]
[10,0.00000]
[11,0.00000]
[12,0.00000]
[13,0.00000]
[14,0.00000]
----------

(4, 8)

[1,24780.46875]
[2,0.00000]
[3,0.00000]
[4,0.00000]
[5,0.00000]
[6,0.00000]
[7,0.00000]
[8,0.00000]
[9,0.00000]
[10,0.00000]
[11,0.00000]
[12,0.00000]
[13,0.00000]
[14,0.00000]
----------

(4, 16)

[1,14395.47754]
[2,0.00000]
[3,0.00000]
[4,0.00000]
[5,0.00000]
[6,0.00000]
[7,0.00000]
[8,0.00000]
[9,0.00000]
[10,0.00000]
[11,0.00000]
[12,0.00000]
[13,0.00000]
[14,0.00000]
----------

(4, 32)

[1,11008.93555]
[2,0.00000]
[3,0.00000]
[4,0.00000]
[5,0.00000]
[6,0.00000]
[7,0.00000]
[8,0.00000]
[9,0.00000]
[10,0.00000]
[11,0.00000]
[12,0.00000]
[13,0.00000]
[14,0.00000]
----------

(4, 128)

[1,12200.82324]
[2,0.00000]
[3,0.00000]
[4,0.00000]
[5,0.00000]
[6,0.00000]
[7,0.00000]
[8,0.00000]
[9,0.00000]
[10,0.00000]
[11,0.00000]
[12,1.14576]
[13,0.68326]
[14,0.15853]
----------

(4, 256)

[1,14168.88965]
[2,0.00000]
[3,0.00000]
[4,0.00000]
[5,0.00000]
[6,1.32326]
[7,0.31629]
[8,1.38566]
[9,0.28461]
[10,0.29910]
[11,1.25370]
[12,0.81869]
[13,0.17315]
[14,1.05206]
----------

(8, 8)

[1,13719.48340]
[2,0.00000]
[3,0.00000]
[4,0.00000]
[5,0.00000]
[6,0.00000]
[7,0.00000]
[8,0.00000]
[9,0.00000]
[10,0.00000]
[11,0.00000]
[12,0.00000]
[13,0.00000]
[14,0.00000]
----------

(8, 16)

[1,9846.35742]
[2,0.00000]
[3,0.00000]
[4,0.00000]
[5,0.00000]
[6,0.00000]
[7,0.00000]
[8,0.00000]
[9,0.00000]
[10,0.00000]
[11,0.00000]
[12,0.00000]
[13,0.00000]
[14,0.00000]
----------

(8, 64)

[1,10635.33203]
[2,0.00000]
[3,0.00000]
[4,0.00000]
[5,0.00000]
[6,0.00000]
[7,0.00000]
[8,0.00000]
[9,0.00000]
[10,0.00000]
[11,0.00000]
[12,0.00000]
[13,0.00000]
[14,0.00000]
----------

(8, 128)

[1,12126.56934]
[2,0.00000]
[3,0.00000]
[4,0.00000]
[5,0.00000]
[6,0.00000]
[7,0.00000]
[8,0.00000]
[9,0.00000]
[10,0.82368]
[11,1.26467]
[12,0.20816]
[13,0.14355]
[14,0.32691]
----------

(8, 256)

[1,2.43818]
[2,0.72726]
[3,0.62992]
[4,1.41325]
[5,0.29482]
[6,0.16630]
[7,0.11299]
[8,0.11613]
[9,0.13866]
[10,0.62909]
[11,0.08282]
[12,1.01222]
[13,0.56928]
[14,0.03955]
----------

(16, 32)

[1,10010.87793]
[2,0.00000]
[3,0.00000]
[4,0.00000]
[5,0.00000]
[6,0.00000]
[7,0.00000]
[8,0.00000]
[9,0.00000]
[10,0.00000]
[11,0.00000]
[12,0.00000]
[13,0.00000]
[14,0.00000]
----------

(16, 64)

[1,11253.24609]
[2,0.00000]
[3,0.00000]
[4,0.00000]
[5,0.00000]
[6,0.00000]
[7,0.00000]
[8,0.00000]
[9,0.00000]
[10,0.00000]
[11,0.00000]
[12,0.00000]
[13,0.00000]
[14,0.00000]
----------

(32, 32)

[1,10684.10059]
[2,0.00000]
[3,0.00000]
[4,0.00000]
[5,0.00000]
[6,0.00000]
[7,0.00000]
[8,0.00000]
[9,0.00000]
[10,0.00000]
[11,0.00000]
[12,0.00000]
[13,0.00000]
[14,0.00000]



 DOMINIO 4096x4096

(4, 4)[0,186779.43750]
(4, 8)[0,94073.53906]
(4, 16)[0,44234.27734]
(4, 32)[0,28268.21875]
(4, 128)[0,26760.02148]
(4, 256)[0,27237.59375]
(8, 8)[0,48609.95312]
(8, 16)[0,28504.03516]
(8, 64)[0,27133.58594]
(8, 128)[0,27732.33984]
(8, 256)[0,304.45877]
(16, 32)[0,28545.19727]
(16, 64)[0,28493.61328]
(32, 32)[0,30005.02344]
----------

(4, 4)

[1,206620.00000]
[2,0.00000]
[3,0.00000]
[4,0.00000]
[5,0.00000]
[6,0.00000]
[7,0.00000]
[8,0.00000]
[9,0.00000]
[10,0.00000]
[11,0.00000]
[12,0.00000]
[13,0.00000]
[14,0.00000]
----------

(4, 8)

[1,99493.07031]
[2,0.00000]
[3,0.00000]
[4,0.00000]
[5,0.00000]
[6,0.00000]
[7,0.00000]
[8,0.00000]
[9,0.00000]
[10,0.00000]
[11,0.00000]
[12,0.00000]
[13,0.00000]
[14,0.00000]
----------

(4, 16)

[1,58392.30469]
[2,0.00000]
[3,0.00000]
[4,0.00000]
[5,0.00000]
[6,0.00000]
[7,0.00000]
[8,0.00000]
[9,0.00000]
[10,0.00000]
[11,0.00000]
[12,0.00000]
[13,0.00000]
[14,0.00000]
----------

(4, 32)

[1,44766.21875]
[2,0.00000]
[3,0.00000]
[4,0.00000]
[5,0.00000]
[6,0.00000]
[7,0.00000]
[8,0.00000]
[9,0.00000]
[10,0.00000]
[11,0.00000]
[12,0.00000]
[13,0.00000]
[14,0.00000]
----------

(4, 128)

[1,49311.94141]
[2,0.00000]
[3,0.00000]
[4,0.00000]
[5,0.00000]
[6,0.00000]
[7,0.00000]
[8,0.00000]
[9,0.00000]
[10,0.00000]
[11,0.00000]
[12,0.79360]
[13,1.05690]
[14,0.17206]
----------

(4, 256)

[1,56877.59375]
[2,0.00000]
[3,0.00000]
[4,0.00000]
[5,0.00000]
[6,0.47635]
[7,0.94502]
[8,1.41706]
[9,0.99715]
[10,0.24298]
[11,0.24173]
[12,0.88774]
[13,0.71718]
[14,0.67926]
----------

(8, 8)

[1,54884.05078]
[2,0.00000]
[3,0.00000]
[4,0.00000]
[5,0.00000]
[6,0.00000]
[7,0.00000]
[8,0.00000]
[9,0.00000]
[10,0.00000]
[11,0.00000]
[12,0.00000]
[13,0.00000]
[14,0.00000]
----------

(8, 16)

[1,39902.58203]
[2,0.00000]
[3,0.00000]
[4,0.00000]
[5,0.00000]
[6,0.00000]
[7,0.00000]
[8,0.00000]
[9,0.00000]
[10,0.00000]
[11,0.00000]
[12,0.00000]
[13,0.00000]
[14,0.00000]
----------

(8, 64)

[1,42310.95312]
[2,0.00000]
[3,0.00000]
[4,0.00000]
[5,0.00000]
[6,0.00000]
[7,0.00000]
[8,0.00000]
[9,0.00000]
[10,0.00000]
[11,0.00000]
[12,0.00000]
[13,0.00000]
[14,0.00000]
----------

(8, 128)

[1,48339.72266]
[2,0.00000]
[3,0.00000]
[4,0.00000]
[5,0.00000]
[6,0.00000]
[7,0.00000]
[8,0.00000]
[9,0.00000]
[10,0.77075]
[11,0.22701]
[12,0.19267]
[13,0.18310]
[14,0.20157]
----------

(8, 256)

[1,1.53261]
[2,0.74950]
[3,0.48422]
[4,1.02358]
[5,0.29594]
[6,0.77216]
[7,1.52442]
[8,0.18131]
[9,0.60064]
[10,0.07747]
[11,0.06848]
[12,0.05802]
[13,0.04179]
[14,0.04461]
----------

(16, 32)

[1,39879.75000]
[2,0.00000]
[3,0.00000]
[4,0.00000]
[5,0.00000]
[6,0.00000]
[7,0.00000]
[8,0.00000]
[9,0.00000]
[10,0.00000]
[11,0.00000]
[12,0.00000]
[13,0.00000]
[14,0.00000]
----------

(16, 64)

[1,44669.38281]
[2,0.00000]
[3,0.00000]
[4,0.00000]
[5,0.00000]
[6,0.00000]
[7,0.00000]
[8,0.00000]
[9,0.00000]
[10,0.00000]
[11,0.00000]
[12,0.00000]
[13,0.00000]
[14,0.00000]
----------

(32, 32)

[1,42548.46875]
[2,0.00000]
[3,0.00000]
[4,0.00000]
[5,0.00000]
[6,0.00000]
[7,0.00000]
[8,0.00000]
[9,0.00000]
[10,0.00000]
[11,0.00000]
[12,0.00000]
[13,0.00000]
[14,0.00000]



 DOMINIO 8192x8192

(4, 4)[0,765111.06250]
(4, 8)[0,385054.87500]
(4, 16)[0,181654.06250]
(4, 32)[0,115174.41406]
(4, 128)[0,109514.80469]
(4, 256)[0,110912.12500]
(8, 8)[0,199336.32812]
(8, 16)[0,116101.54688]
(8, 64)[0,111232.00781]
(8, 128)[0,113370.32812]
(8, 256)[0,432.59470]
(16, 32)[0,117768.81250]
(16, 64)[0,116708.32812]
(32, 32)[0,123679.97656]
----------

(4, 4)

[1,847476.62500]
[2,0.00000]
[3,0.00000]
[4,0.00000]
[5,0.00000]
[6,0.00000]
[7,0.00000]
[8,0.00000]
[9,0.00000]
[10,0.00000]
[11,0.00000]
[12,0.00000]
[13,0.00000]
[14,0.00000]
----------

(4, 8)

[1,407278.75000]
[2,0.00000]
[3,0.00000]
[4,0.00000]
[5,0.00000]
[6,0.00000]
[7,0.00000]
[8,0.00000]
[9,0.00000]
[10,0.00000]
[11,0.00000]
[12,0.00000]
[13,0.00000]
[14,0.00000]
----------

(4, 16)

[1,241222.42188]
[2,0.00000]
[3,0.00000]
[4,0.00000]
[5,0.00000]
[6,0.00000]
[7,0.00000]
[8,0.00000]
[9,0.00000]
[10,0.00000]
[11,0.00000]
[12,0.00000]
[13,0.00000]
[14,0.00000]
----------

(4, 32)

[1,184146.92188]
[2,0.00000]
[3,0.00000]
[4,0.00000]
[5,0.00000]
[6,0.00000]
[7,0.00000]
[8,0.00000]
[9,0.00000]
[10,0.00000]
[11,0.00000]
[12,0.00000]
[13,0.00000]
[14,0.00000]
----------

(4, 128)

[1,203211.32812]
[2,0.00000]
[3,0.00000]
[4,0.00000]
[5,0.00000]
[6,0.00000]
[7,0.00000]
[8,0.00000]
[9,0.00000]
[10,0.00000]
[11,0.00000]
[12,0.31581]
[13,0.26717]
[14,0.14442]
----------

(4, 256)

[1,236120.79688]
[2,0.00000]
[3,0.00000]
[4,0.00000]
[5,0.00000]
[6,0.55914]
[7,0.42563]
[8,1.25542]
[9,1.63728]
[10,0.27526]
[11,1.20864]
[12,0.41491]
[13,0.28621]
[14,0.81712]
----------

(8, 8)

[1,225557.34375]
[2,0.00000]
[3,0.00000]
[4,0.00000]
[5,0.00000]
[6,0.00000]
[7,0.00000]
[8,0.00000]
[9,0.00000]
[10,0.00000]
[11,0.00000]
[12,0.00000]
[13,0.00000]
[14,0.00000]
----------

(8, 16)

[1,166179.84375]
[2,0.00000]
[3,0.00000]
[4,0.00000]
[5,0.00000]
[6,0.00000]
[7,0.00000]
[8,0.00000]
[9,0.00000]
[10,0.00000]
[11,0.00000]
[12,0.00000]
[13,0.00000]
[14,0.00000]
----------

(8, 64)

[1,175394.60938]
[2,0.00000]
[3,0.00000]
[4,0.00000]
[5,0.00000]
[6,0.00000]
[7,0.00000]
[8,0.00000]
[9,0.00000]
[10,0.00000]
[11,0.00000]
[12,0.00000]
[13,0.00000]
[14,0.00000]
----------

(8, 128)

[1,198583.64062]
[2,0.00000]
[3,0.00000]
[4,0.00000]
[5,0.00000]
[6,0.00000]
[7,0.00000]
[8,0.00000]
[9,0.00000]
[10,0.38221]
[11,0.32013]
[12,0.39939]
[13,0.27235]
[14,0.26182]
----------

(8, 256)

[1,1.52416]
[2,1.03046]
[3,0.51162]
[4,0.43578]
[5,0.44173]
[6,0.22976]
[7,0.29014]
[8,0.86237]
[9,0.15757]
[10,0.20768]
[11,0.62454]
[12,0.09555]
[13,0.17331]
[14,0.09965]
----------

(16, 32)

[1,163616.89062]
[2,0.00000]
[3,0.00000]
[4,0.00000]
[5,0.00000]
[6,0.00000]
[7,0.00000]
[8,0.00000]
[9,0.00000]
[10,0.00000]
[11,0.00000]
[12,0.00000]
[13,0.00000]
[14,0.00000]
----------

(16, 64)

[1,184028.85938]
[2,0.00000]
[3,0.00000]
[4,0.00000]
[5,0.00000]
[6,0.00000]
[7,0.00000]
[8,0.00000]
[9,0.00000]
[10,0.00000]
[11,0.00000]
[12,0.00000]
[13,0.00000]
[14,0.00000]
----------

(32, 32)

[1,175634.62500]
[2,0.00000]
[3,0.00000]
[4,0.00000]
[5,0.00000]
[6,0.00000]
[7,0.00000]
[8,0.00000]
[9,0.00000]
[10,0.00000]
[11,0.00000]
[12,0.00000]
[13,0.00000]
[14,0.00000]
